r        analytic_area   numeric_area   volume      crossing_height  included_angle_deg
1.0      0.429203673     0.429203658    235.707963  nan              nan
1.9999   1.716643016     1.716642994    222.833570  nan              nan
2.0      1.716814693     1.716814671    222.831853  6.000000         180.000
2.0001   1.716986379     1.716986357    222.830136  6.000000         179.994
2.2      2.076132150     2.076132127    219.238678  5.990890         169.568
2.5      2.665754834     2.665754810    213.342452  5.949490         156.926
3.0      3.749792369     3.749792342    202.502076  5.828427         141.058
3.5      4.926821777     4.926821748    190.731782  5.662278         129.246
3.9      5.919071504     5.919071473    180.809285  5.505877         121.689
